30.1 39.4 433.3 1588.8 82.1 39.1 220.2 53.7 0
29.8 39.1 429.1 1573.8 81.3 38.7 220.3 53.9 0
29.6 40.1 433.0 1639.4 83.4 40.5 222.6 55.5 0
29.2 39.6 435.2 1620.7 84.3 40.8 220.4 56.3 0
29.1 40.8 438.6 1690.1 85.7 40.9 216.3 58.5 0
28.9 40.6 436.4 1680.7 85.2 40.7 215.1 58.2 0
29.7 41.8 448.6 1728.7 87.7 41.9 221.2 59.9 0
30.6 43.0 461.7 1778.9 90.2 43.1 227.7 61.6 0
31.5 44.4 466.5 1895.1 94.2 45.4 211.8 64.3 0
30.7 35.8 407.6 1454.8 79.0 36.2 215.4 52.2 1
30.6 35.7 406.2 1449.1 78.7 36.1 214.6 52.2 1
30.6 35.6 405.4 1456.7 79.0 36.2 205.6 51.3 1
30.5 35.5 404.6 1453.8 78.8 36.1 205.2 51.2 1
30.5 35.5 403.8 1450.9 78.7 36.1 204.8 51.1 1
30.4 35.4 403.7 1448.1 78.5 36.5 204.4 51.2 1
30.5 35.4 394.2 1447.2 78.5 35.9 195.2 51.3 1
30.4 35.4 385.6 1441.8 78.5 35.9 165.7 51.1 1
30.4 35.4 383.5 1429.2 78.4 35.8 153.1 50.6 1
29.2 34.2 408.1 1360.4 72.9 31.9 233.2 49.1 2
28.9 33.4 404.5 1343.5 72.3 31.5 233.5 48.6 2
29.0 33.6 405.9 1349.2 72.6 31.4 234.1 48.8 2
29.1 33.6 406.8 1352.3 72.8 31.5 234.6 48.9 2
29.1 33.3 404.1 1341.4 72.4 31.3 233.8 48.6 2
29.0 32.7 404.5 1332.0 72.2 30.9 233.8 48.8 2
29.1 32.7 404.6 1330.0 72.5 30.8 234.6 48.9 2
29.3 32.4 404.8 1325.0 71.1 30.8 234.1 48.7 2
29.4 32.5 405.8 1328.1 71.3 30.8 234.6 48.8 2
31.4 36.6 412.1 1446.4 75.9 33.6 224.4 51.3 3
31.5 36.8 422.5 1462.5 76.2 33.9 233.5 51.3 3
31.4 36.9 424.6 1465.6 76.5 33.9 237.5 51.7 3
31.6 37.1 426.7 1474.3 77.0 34.1 238.5 52.0 3
31.7 37.5 429.3 1471.2 76.5 34.1 238.8 51.9 3
31.8 37.2 430.8 1477.2 76.8 34.2 240.7 52.1 3
32.0 37.3 432.6 1480.4 77.1 34.4 243.4 52.3 3
32.1 37.3 431.7 1484.2 76.8 34.4 246.4 52.3 3
30.6 36.3 426.7 1463.0 78.0 33.5 231.7 53.7 3
30.8 36.2 433.1 1459.5 75.7 33.8 233.9 53.4 4
30.5 36.1 424.3 1456.0 77.5 33.3 230.5 53.4 4
30.3 35.5 394.6 1437.5 80.5 32.1 221.4 52.1 4
30.2 35.5 393.7 1434.3 80.4 32.0 220.9 52.0 4
30.2 35.4 392.9 1431.2 80.2 32.0 220.4 51.9 4
30.1 34.9 385.9 1436.4 80.1 32.5 201.9 49.9 4
29.7 34.5 357.9 1453.4 78.6 33.7 199.2 49.3 4
29.5 34.2 344.7 1461.9 77.8 34.3 197.8 48.9 4
29.3 34.1 329.6 1470.6 77.1 34.9 196.5 48.6 4
32.3 37.3 422.2 1470.2 76.4 34.8 231.8 52.3 5
32.4 37.4 423.3 1474.6 76.6 34.9 232.5 52.5 5
32.5 37.5 424.6 1479.1 76.9 35.0 233.2 52.6 5
32.6 37.6 425.9 1483.7 77.1 35.1 234.3 52.8 5
32.6 37.6 439.3 1673.5 83.5 35.5 227.6 57.6 5
32.7 37.7 446.0 1678.1 83.8 35.6 227.7 57.8 5
32.8 37.8 453.1 1688.2 84.0 35.7 228.3 58.0 5
32.9 37.9 460.3 1688.4 84.3 35.8 229.1 58.1 5
32.9 37.9 460.7 1962.6 98.8 36.3 217.4 65.8 5
35.7 39.5 440.6 1676.4 79.8 40.2 231.8 59.2 6
38.5 42.6 474.1 1806.0 86.0 43.3 249.8 63.8 6
38.4 42.1 446.5 1780.4 84.5 42.6 227.8 62.4 6
39.9 43.3 449.0 1820.0 86.1 43.6 227.1 63.7 6
41.5 44.6 452.0 1860.9 87.7 44.6 223.8 65.1 6
43.2 45.9 455.1 1902.7 89.4 45.6 220.6 66.5 6
43.1 46.8 459.6 1948.2 90.6 46.2 217.4 67.0 6
44.1 47.9 464.1 1997.7 91.9 46.9 215.7 67.6 6
45.2 48.9 470.3 2058.4 93.8 47.5 212.5 68.2 6